0.00       28.00
64.00      28.12
0.00       28.19
128.00     28.25
0.00       28.31
64.00      28.31
0.00       28.37
128.00     28.44
64.00      28.50
0.00       28.56
64.00      28.62
0.00       28.69
64.00      28.75
0.00       28.81
0.00       28.87
64.00      28.87
64.00      28.94
-192.00    29.00
256.00     29.06
64.00      29.19
0.00       29.31
64.00      29.44
0.00       29.50
64.00      29.62
0.00       29.75
-128.00    29.81
192.00     29.94
0.00       30.06
64.00      30.19
64.00      30.44
-128.00    30.62
192.00     30.87
0.00       31.00
64.00      31.25
0.00       31.50
64.00      31.62
64.00      31.87
0.00       32.06
64.00      32.31
0.00       32.50
64.00      32.63
64.00      32.81
0.00       33.06
64.00      33.38
0.00       33.50
-64.00     33.69
192.00     33.88
0.00       34.25
64.00      34.94
64.00      35.38
0.00       35.44
64.00      35.50
64.00      35.63
0.00       35.75
64.00      35.81
64.00      35.88
-64.00     36.06
128.00     36.19
64.00      36.44
64.00      36.63
0.00       36.81
-64.00     37.06
192.00     37.13
64.00      37.25
0.00       37.56
64.00      37.38
64.00      37.44
192.00     37.50
64.00      37.75
64.00      37.81
64.00      37.94
0.00       38.00
128.00     38.06
64.00      38.25
64.00      38.38
64.00      38.50
-128.00    38.69
-64.00     38.75
192.00     38.94
64.00      39.31
0.00       39.81
192.00     40.31
64.00      40.75
64.00      41.13
0.00       41.44
64.00      41.81
64.00      42.13
64.00      42.31
64.00      42.56
64.00      42.94
0.00       43.38
64.00      43.75
64.00      44.06
64.00      44.38
64.00      44.88
-128.00    45.50
192.00     46.19
0.00       46.88
0.00       47.50
64.00      48.06
64.00      48.56
0.00       48.81
64.00      49.13
-64.00     49.38
128.00     49.69
0.00       50.00
64.00      50.25
0.00       50.63
0.00       51.06
64.00      51.31
0.00       51.50
0.00       51.63
-64.00     51.69
0.00       51.88
0.00       52.00
0.00       52.19
-64.00     52.50
0.00       52.75
-64.00     53.00
-64.00     53.25
-64.00     53.50
-64.00     53.69
-64.00     53.94
-64.00     54.19
-64.00     54.38
-128.00    54.56
-64.00     54.75
-128.00    54.81
-128.00    54.94
-64.00     55.19
-128.00    55.44
-192.00    55.69
-192.00    55.94
-64.00     56.31
-192.00    56.63
-192.00    56.81
-128.00    57.13
-320.00    57.44
-64.00     57.56
-256.00    57.75
-256.00    57.88
-192.00    58.06
-192.00    58.13
-320.00    58.25
-192.00    58.38
-192.00    58.50
-192.00    58.69
-256.00    58.94
-256.00    59.31
-256.00    59.94
-256.00    60.56
-256.00    61.19
-256.00    61.75
-320.00    62.19
-256.00    62.56
-256.00    62.94
-256.00    63.38
-256.00    63.75
-256.00    64.19
-320.00    64.56
-256.00    64.81
-256.00    65.25
-256.00    65.62
-320.00    66.06
-256.00    66.37
-320.00    66.62
-256.00    66.87
-256.00    67.19
-320.00    67.50
-256.00    67.87
-320.00    68.12
-320.00    68.37
-256.00    68.62
-320.00    68.81
-320.00    69.06
-256.00    69.31
-320.00    69.56
-320.00    69.75
-320.00    69.94
-320.00    70.12
-320.00    70.31
-320.00    70.44
-320.00    70.69
-320.00    70.87
-384.00    71.00
-320.00    71.06
-320.00    71.19
-320.00    71.31
-320.00    71.50
-384.00    71.69
-320.00    71.94
-384.00    72.31
-320.00    72.69
-384.00    73.00
-384.00    73.25
-448.00    73.56
-384.00    73.87
-448.00    74.25
-448.00    74.62
-448.00    74.75
-512.00    74.94
-512.00    75.06
-512.00    75.31
-512.00    75.50
-576.00    75.62
-576.00    75.87
-576.00    76.12
-640.00    76.37
-576.00    76.56
-704.00    76.62
-640.00    76.87
-704.00    77.19
-704.00    77.44
-704.00    77.75
-768.00    77.94
-768.00    78.12
-768.00    78.25
-832.00    78.37
-832.00    78.56
-832.00    78.75
-832.00    78.94
-896.00    79.06
-896.00    79.37
-960.00    79.62
-960.00    79.69
-960.00    79.94
-960.00    80.12
-1024.00   80.37
