7872.00       26.37
7744.00       26.37
7872.00       26.37
8000.00       26.37
7872.00       26.37
7808.00       26.37
7872.00       26.31
7872.00       26.31
7872.00       26.31
7872.00       26.31
7744.00       26.25
7936.00       26.25
7936.00       26.25
7872.00       26.25
7808.00       26.25
7872.00       26.25
7872.00       26.25
7872.00       26.19
7872.00       26.19
7872.00       26.19
7872.00       26.19
7872.00       26.12
7872.00       26.12
7872.00       26.12
7872.00       26.12
7872.00       26.12
7872.00       26.12
7680.00       26.12
8000.00       26.12
7872.00       26.06
7872.00       26.06
7872.00       26.06
7872.00       26.06
7872.00       26.06
7872.00       26.06
7872.00       26.00
7872.00       26.00
7488.00       26.00
8256.00       26.00
7872.00       26.00
7872.00       26.00
7872.00       25.94
7872.00       25.94
7872.00       25.94
7872.00       25.94
7872.00       25.94
7872.00       25.94
7872.00       25.94
7872.00       25.94
7872.00       25.94
7872.00       25.94
7872.00       25.94
7872.00       25.87
7872.00       25.87
7872.00       25.87
7872.00       25.87
7872.00       25.87
7872.00       25.87
7872.00       25.87
7872.00       25.87
7872.00       25.81
7808.00       25.81
7936.00       25.81
7808.00       25.81
7872.00       25.81
7872.00       25.81
7872.00       25.81
7872.00       25.81
7872.00       25.81
7872.00       25.81
7872.00       25.75
7872.00       25.81
7872.00       25.81
7872.00       25.81
7872.00       25.81
7872.00       25.81
7872.00       25.81
7872.00       25.81
7872.00       25.81
7872.00       25.81
7872.00       25.75
7872.00       25.75
7872.00       25.75
7872.00       25.75
7872.00       25.75
7872.00       25.75
7808.00       25.75
7872.00       25.69
7872.00       25.75
7872.00       25.69
7872.00       25.69
7872.00       25.69
7872.00       25.69
7872.00       25.69
7872.00       25.69
7872.00       25.69
7872.00       25.69
7872.00       25.69
7872.00       25.62
7808.00       25.62
7872.00       25.62
7872.00       25.62
7872.00       25.62
7872.00       25.62
7872.00       25.62
7872.00       25.56
7872.00       25.56
7808.00       25.62
7872.00       25.56
7872.00       25.56
7872.00       25.56
7872.00       25.56
7872.00       25.56
7872.00       25.56
7872.00       25.56
7808.00       25.56
7872.00       25.56
7872.00       25.56
7872.00       25.56
7872.00       25.56
7808.00       25.62
7872.00       25.62
7872.00       25.62
7872.00       25.62
7872.00       25.62
7872.00       25.62
7808.00       25.62
7872.00       25.62
7872.00       25.62
7872.00       25.62
7872.00       25.62
7808.00       25.62
7872.00       25.62
7872.00       25.69
7872.00       25.62
7808.00       25.69
7872.00       25.69
7872.00       25.69
7872.00       25.69
7808.00       25.69
7872.00       25.69
7872.00       25.69
7872.00       25.69
7808.00       25.69
7872.00       25.69
7808.00       25.69
7872.00       25.69
7872.00       25.69
7808.00       25.69
7872.00       25.69
7872.00       25.69
7808.00       25.69
7872.00       25.69
7808.00       25.69
7872.00       25.69
7872.00       25.69
7872.00       25.75
7808.00       25.69
7872.00       25.75
7872.00       25.69
7808.00       25.75
7872.00       25.75
7872.00       25.75
7872.00       25.75
7808.00       25.75
7872.00       25.75
7872.00       25.75
7872.00       25.75
7808.00       25.75
7872.00       25.75
7872.00       25.75
7872.00       25.75
7808.00       25.75
7872.00       25.75
7872.00       25.75
7872.00       25.75
7808.00       25.75
7872.00       25.75
7872.00       25.81
7872.00       25.81
7808.00       25.81
7872.00       25.81
7872.00       25.81
7872.00       25.81
7808.00       25.81
7872.00       25.81
7872.00       25.81
7872.00       25.81
7808.00       25.87
7872.00       25.87
7872.00       25.87
7872.00       25.87
7808.00       25.87
7872.00       25.87
7872.00       25.87
7872.00       25.87
7808.00       25.87
7872.00       25.94
7872.00       25.94
7872.00       25.94
7808.00       25.94
7872.00       25.94
7872.00       25.94
7872.00       26.00
7808.00       26.00
7872.00       25.94
7872.00       25.94
7872.00       25.94
7808.00       25.94
7872.00       25.94
7872.00       25.94
7808.00       25.94
7872.00       25.87
7872.00       25.94
7872.00       25.87
7808.00       25.87
7872.00       25.87
7872.00       25.87
7872.00       25.87
7808.00       25.87
7872.00       25.87
7872.00       25.94
7872.00       25.94
7808.00       25.94
7872.00       25.94
7872.00       25.94
7808.00       25.94
7872.00       25.94
7872.00       25.94
7872.00       25.94
7872.00       25.94
7808.00       25.87
7872.00       25.87
7872.00       25.87
7872.00       25.87
7808.00       25.87
7872.00       25.87
7872.00       25.87
7872.00       25.87
7872.00       25.87
7808.00       25.87
7872.00       25.87
7872.00       25.87
7872.00       25.81
7808.00       25.81
7872.00       25.81
7872.00       25.87
7872.00       25.87
7872.00       25.87
7872.00       25.87
7808.00       25.87
7872.00       25.87
7872.00       25.87
7872.00       25.87
7872.00       25.87
7872.00       25.94
7808.00       25.87
7872.00       25.94
7872.00       25.87
7872.00       25.87
7872.00       25.87
7808.00       25.87
7872.00       25.87
7872.00       25.87
7872.00       25.87
7872.00       25.87
7872.00       25.87
7808.00       25.87
7872.00       25.87
7872.00       25.81
7872.00       25.81
7872.00       25.81
7808.00       25.81
7872.00       25.81
7872.00       25.87
7872.00       25.87
7872.00       25.87
7872.00       25.87
7808.00       25.87
7872.00       25.87
7872.00       25.87
7872.00       25.87
7872.00       25.87
7808.00       25.87
7872.00       25.87
7872.00       25.87
7872.00       25.87
7872.00       25.94
7808.00       25.87
7872.00       25.94
7872.00       25.87
7872.00       25.94
7872.00       25.94
7872.00       25.94
7808.00       25.94
7872.00       25.94
7872.00       25.94
7872.00       25.94
7872.00       25.94
7872.00       26.00
7808.00       25.94
7872.00       25.94
7872.00       25.94
7872.00       25.94
7872.00       25.94
7872.00       25.94
7808.00       25.94
7872.00       25.94
7872.00       25.94
7872.00       25.94
7872.00       25.94
7872.00       25.94
7808.00       25.94
7872.00       25.94
7872.00       25.94
7872.00       25.94
7872.00       25.94
7872.00       25.94
7808.00       25.94
7872.00       25.94
7872.00       25.94
7872.00       25.94
7872.00       25.94
7872.00       25.94
7808.00       26.00
7872.00       26.00
7872.00       25.94
7872.00       26.00
7872.00       26.00
7808.00       25.94
7872.00       25.94
7872.00       25.94
7872.00       25.94
7872.00       25.94
7872.00       25.87
7808.00       25.87
7872.00       25.87
7872.00       25.87
7872.00       25.87
7872.00       25.87
7808.00       25.87
7872.00       25.87
7872.00       25.81
7872.00       25.81
7872.00       25.87
7872.00       25.87
7808.00       25.87
7872.00       25.87
7872.00       25.87
7872.00       25.87
7872.00       25.81
7872.00       25.81
7808.00       25.87
7872.00       25.87
7872.00       25.87
7872.00       25.87
7872.00       25.87
7872.00       25.87
7872.00       25.87
7808.00       25.87
7872.00       25.87
7872.00       25.87
7872.00       25.87
7872.00       25.87
7872.00       25.87
7872.00       25.94
7872.00       25.94
7872.00       25.94
7872.00       25.94
7872.00       25.94
7872.00       25.94
7872.00       26.00
7872.00       26.00
7808.00       26.00
7872.00       26.06
7872.00       26.06
7872.00       26.06
7872.00       26.06
7872.00       26.12
7872.00       26.12
7872.00       26.12
7872.00       26.12
7872.00       26.12
7872.00       26.12
7872.00       26.19
7872.00       26.19
7872.00       26.19
7872.00       26.25
7872.00       26.25
7936.00       26.25
7872.00       26.25
7872.00       26.31
7872.00       26.37
7872.00       26.37
7872.00       26.37
7872.00       26.37
7872.00       26.37
7872.00       26.37
7872.00       26.37
7872.00       26.31
7872.00       26.31
7872.00       26.31
7872.00       26.31
7872.00       26.31
7872.00       26.31
7872.00       26.31
7936.00       26.31
7872.00       26.31
7872.00       26.31
7872.00       26.25
7872.00       26.25
7872.00       26.25
7872.00       26.25
7872.00       26.25
7872.00       26.25
7936.00       26.25
7872.00       26.25
7872.00       26.25
7872.00       26.25
7872.00       26.25
7872.00       26.31
7872.00       26.31
7936.00       26.31
7872.00       26.31
7872.00       26.31
7872.00       26.37
7936.00       26.37
7872.00       26.37
7872.00       26.37
7872.00       26.44
7872.00       26.44
7936.00       26.44
7872.00       26.44
7872.00       26.44
7872.00       26.37
7936.00       26.37
7872.00       26.37
7872.00       26.37
7936.00       26.37
7872.00       26.31
7808.00       26.31
7936.00       26.31
7936.00       26.31
7872.00       26.31
7872.00       26.25
7936.00       26.25
7872.00       26.25
7872.00       26.25
7936.00       26.25
7872.00       26.19
7872.00       26.19
7872.00       26.19
7936.00       26.19
7872.00       26.19
7872.00       26.19
7936.00       26.19
7872.00       26.19
7872.00       26.19
7936.00       26.19
7872.00       26.19
7872.00       26.19
7936.00       26.19
7872.00       26.19
7872.00       26.19
7936.00       26.19
7872.00       26.19
7872.00       26.19
7872.00       26.12
7936.00       26.12
7872.00       26.12
7936.00       26.12
7872.00       26.12
7872.00       26.12
7936.00       26.12
7872.00       26.12
7872.00       26.12
7936.00       26.12
7872.00       26.12
7872.00       26.12
7936.00       26.12
7872.00       26.12
7872.00       26.12
7936.00       26.19
7872.00       26.12
7872.00       26.19
7936.00       26.19
7872.00       26.19
7872.00       26.19
7936.00       26.19
7872.00       26.19
7872.00       26.19
7936.00       26.12
7872.00       26.12
7872.00       26.12
7936.00       26.12
7872.00       26.06
7872.00       26.06
7936.00       26.06
7872.00       26.06
7872.00       26.06
7872.00       26.06
7936.00       26.06
7872.00       26.06
7872.00       26.06
7872.00       26.06
7936.00       26.06
7872.00       26.06
7872.00       26.00
7872.00       26.00
7936.00       26.00
7872.00       26.00
7872.00       26.00
7936.00       26.00
7872.00       26.00
7872.00       26.00
7872.00       25.94
7936.00       25.94
7872.00       25.94
7872.00       26.00
7936.00       26.00
7872.00       26.00
7872.00       26.00
7872.00       26.00
7936.00       26.00
7872.00       26.00
7872.00       26.00
7936.00       26.00
7872.00       26.00
7872.00       26.06
7936.00       26.06
7872.00       26.06
7872.00       26.06
7872.00       26.06
7936.00       26.06
7872.00       26.06
7872.00       26.06
7872.00       26.06
7936.00       26.06
7872.00       26.06
7872.00       26.00
7872.00       26.00
7936.00       26.00
7872.00       26.00
7872.00       26.00
7936.00       26.00
7872.00       26.00
7872.00       25.94
7936.00       25.94
7872.00       25.94
7872.00       25.94
7872.00       25.94
7872.00       25.94
7936.00       25.94
7872.00       25.87
7872.00       25.87
7872.00       25.87
7936.00       25.87
7872.00       25.87
7872.00       25.87
7872.00       25.87
7872.00       25.87
7936.00       25.87
7872.00       25.87
7872.00       25.87
7872.00       25.81
7872.00       25.81
7936.00       25.87
7872.00       25.87
7872.00       25.87
7872.00       25.87
7872.00       25.87
7936.00       25.87
7872.00       25.87
7872.00       25.94
7872.00       25.87
7872.00       25.94
7936.00       25.94
7872.00       25.87
7872.00       25.94
7872.00       25.87
7872.00       25.87
7872.00       25.87
7936.00       25.87
7872.00       25.87
7872.00       25.87
7872.00       25.94
7872.00       25.94
7936.00       26.00
7872.00       26.00
7872.00       26.06
7872.00       26.06
7872.00       26.06
7936.00       26.12
7872.00       26.19
7872.00       26.19
7872.00       26.19
7936.00       26.25
7872.00       26.25
7872.00       26.25
7872.00       26.25
7936.00       26.31
7872.00       26.31
7872.00       26.31
7872.00       26.31
7936.00       26.31
7872.00       26.31
7872.00       26.37
7872.00       26.37
7936.00       26.37
7872.00       26.31
7872.00       26.37
7872.00       26.37
7936.00       26.37
7872.00       26.37
7872.00       26.44
7936.00       26.44
7872.00       26.44
7872.00       26.44
7872.00       26.44
7936.00       26.44
7872.00       26.44
7872.00       26.50
7936.00       26.50
7872.00       26.56
7872.00       26.56
7936.00       26.56
7872.00       26.62
7872.00       26.62
7936.00       26.62
7872.00       26.62
7936.00       26.62
7872.00       26.62
7872.00       26.62
7936.00       26.62
7872.00       26.62
7936.00       26.69
7872.00       26.69
7936.00       26.69
7872.00       26.69
7872.00       26.69
7936.00       26.62
7872.00       26.62
7936.00       26.62
7872.00       26.62
7872.00       26.62
7936.00       26.56
7872.00       26.62
7936.00       26.62
7872.00       26.69
7872.00       26.69
7936.00       26.69
7872.00       26.69
7936.00       26.69
7872.00       26.69
7936.00       26.69
7872.00       26.69
7936.00       26.69
7872.00       26.69
7936.00       26.69
7872.00       26.69
7936.00       26.69
7872.00       26.62
7936.00       26.62
7872.00       26.62
7936.00       26.62
7872.00       26.69
7936.00       26.69
7872.00       26.69
7936.00       26.69
7936.00       26.69
7872.00       26.69
7936.00       26.69
7872.00       26.69
7936.00       26.69
7872.00       26.69
7936.00       26.69
7872.00       26.69
7936.00       26.69
7872.00       26.62
7936.00       26.62
7936.00       26.62
7872.00       26.62
7936.00       26.62
7872.00       26.62
7936.00       26.62
7936.00       26.62
7872.00       26.62
7936.00       26.62
7872.00       26.62
7936.00       26.62
7936.00       26.62
7872.00       26.62
7936.00       26.62
7936.00       26.62
7872.00       26.62
7936.00       26.62
7936.00       26.62
7936.00       26.56
7872.00       26.56
7936.00       26.56
7936.00       26.56
7872.00       26.56
7936.00       26.56
7936.00       26.56
7936.00       26.56
7872.00       26.56
7936.00       26.56
7936.00       26.56
7936.00       26.56
7872.00       26.62
7936.00       26.62
7936.00       26.62
7936.00       26.62
7872.00       26.62
7936.00       26.62
7936.00       26.62
7936.00       26.62
7936.00       26.62
7872.00       26.62
7936.00       26.62
7936.00       26.62
7936.00       26.62
7872.00       26.69
7936.00       26.69
7936.00       26.69
7936.00       26.69
7936.00       26.69
7936.00       26.62
7936.00       26.62
7872.00       26.62
7936.00       26.62
7936.00       26.62
7936.00       26.62
7936.00       26.62
7936.00       26.62
7936.00       26.62
7936.00       26.62
7936.00       26.62
7872.00       26.69
8000.00       26.69
7872.00       26.69
7936.00       26.69
7936.00       26.69
7936.00       26.69
7936.00       26.69
7936.00       26.69
7936.00       26.69
7936.00       26.62
7936.00       26.62
7936.00       26.62
7936.00       26.62
7936.00       26.62
7936.00       26.62
7936.00       26.62
7872.00       26.56
7936.00       26.56
7936.00       26.56
7936.00       26.56
7936.00       26.56
7936.00       26.56
7936.00       26.56
7936.00       26.56
7936.00       26.50
7936.00       26.50
7936.00       26.50
7872.00       26.50
7936.00       26.50
7936.00       26.50
7936.00       26.50
7936.00       26.50
7936.00       26.44
7936.00       26.44
7936.00       26.44
7872.00       26.44
7936.00       26.44
7936.00       26.44
7936.00       26.44
7936.00       26.44
7936.00       26.44
7936.00       26.44
7936.00       26.44
7872.00       26.44
7936.00       26.44
7936.00       26.37
7808.00       26.44
8064.00       26.37
7744.00       26.37
8128.00       26.37
7936.00       26.37
7872.00       26.37
7936.00       26.37
7936.00       26.37
7936.00       26.37
7552.00       26.37
8320.00       26.37
6976.00       26.37
8896.00       26.37
6848.00       26.37
8384.00       26.37
8064.00       26.37
8384.00       26.31
7104.00       26.31
8064.00       26.31
8448.00       26.37
7040.00       26.31
8960.00       26.31
7936.00       26.31
7808.00       26.31
8064.00       26.31
7808.00       26.31
7936.00       26.31
8000.00       26.31
7232.00       26.31
8640.00       26.31
7936.00       26.31
7552.00       26.31
8256.00       26.31
7936.00       26.31
7936.00       26.31
7936.00       26.31
7936.00       26.31
7936.00       26.31
7872.00       26.31
7936.00       26.25
7936.00       26.25
7936.00       26.25
7936.00       26.25
7872.00       26.25
7936.00       26.25
7936.00       26.25
7936.00       26.25
7936.00       26.25
7936.00       26.25
7360.00       26.19
8448.00       26.19
7936.00       26.19
7936.00       26.19
7936.00       26.19
7872.00       26.19
7936.00       26.19
7936.00       26.19
7936.00       26.19
7936.00       26.25
7936.00       26.19
7872.00       26.19
7936.00       26.19
7936.00       26.19
7936.00       26.19
7936.00       26.19
7808.00       26.25
7872.00       26.19
8064.00       26.25
7872.00       26.25
8000.00       26.19
7936.00       26.19
7872.00       26.19
7936.00       26.19
7936.00       26.19
7936.00       26.19
7936.00       26.19
7872.00       26.19
7936.00       26.19
7936.00       26.19
7936.00       26.19
7872.00       26.19
7936.00       26.19
7744.00       26.19
8128.00       26.19
7872.00       26.19
7936.00       26.19
7936.00       26.12
7936.00       26.12
7936.00       26.12
7872.00       26.12
7936.00       26.12
7936.00       26.12
7936.00       26.12
7872.00       26.12
7936.00       26.12
7936.00       26.12
7936.00       26.12
7808.00       26.12
7872.00       26.12
8064.00       26.12
7936.00       26.12
7936.00       26.12
7872.00       26.12
7936.00       26.12
7936.00       26.12
7936.00       26.12
7936.00       26.12
7872.00       26.12
7936.00       26.06
7936.00       26.06
7936.00       26.06
7872.00       26.06
7936.00       26.06
7872.00       26.12
7872.00       26.12
8000.00       26.12
7936.00       26.06
7936.00       26.06
7936.00       26.06
7936.00       26.06
7872.00       26.06
7936.00       26.06
7936.00       26.06
7936.00       26.06
7872.00       26.06
7936.00       26.06
7808.00       26.06
7936.00       26.06
7872.00       26.06
8064.00       26.12
7936.00       26.12
7936.00       26.12
7872.00       26.12
7936.00       26.12
7936.00       26.12
7936.00       26.19
7872.00       26.19
7936.00       26.19
7936.00       26.19
7936.00       26.25
7744.00       26.25
8064.00       26.25
7936.00       26.31
7872.00       26.31
7936.00       26.31
7936.00       26.31
7936.00       26.31
7936.00       26.31
7872.00       26.31
7936.00       26.31
7936.00       26.31
7936.00       26.31
7872.00       26.31
7936.00       26.31
7936.00       26.31
7936.00       26.25
7808.00       26.25
8000.00       26.25
7936.00       26.25
7872.00       26.25
7872.00       26.25
8064.00       26.25
7872.00       26.25
7936.00       26.25
7936.00       26.25
7936.00       26.25
7936.00       26.31
7872.00       26.31
7936.00       26.31
7872.00       26.31
8000.00       26.31
7936.00       26.31
7936.00       26.31
7872.00       26.31
7936.00       26.25
7872.00       26.25
7872.00       26.25
8064.00       26.25
7936.00       26.25
7872.00       26.25
7936.00       26.25
7936.00       26.25
7936.00       26.25
7936.00       26.19
7936.00       26.19
7872.00       26.19
7936.00       26.19
7936.00       26.19
7744.00       26.19
8128.00       26.19
7872.00       26.19
7936.00       26.19
7872.00       26.25
8000.00       26.25
7936.00       26.25
7936.00       26.25
7936.00       26.25
7936.00       26.25
7936.00       26.25
7936.00       26.25
7936.00       26.25
7936.00       26.25
7936.00       26.25
7936.00       26.25
7936.00       26.25
7872.00       26.25
7872.00       26.25
7872.00       26.19
8064.00       26.19
7936.00       26.19
7872.00       26.19
8000.00       26.19
7936.00       26.19
7936.00       26.19
7936.00       26.19
7936.00       26.25
7936.00       26.19
7936.00       26.25
7936.00       26.25
7936.00       26.19
7936.00       26.25
7936.00       26.25
7936.00       26.25
7936.00       26.25
7936.00       26.25
7936.00       26.25
8000.00       26.25
7808.00       26.25
7872.00       26.25
8128.00       26.25
7936.00       26.25
7936.00       26.25
7936.00       26.19
7936.00       26.25
7936.00       26.25
8000.00       26.25
7936.00       26.25
7936.00       26.25
7936.00       26.25
7936.00       26.25
7936.00       26.25
8000.00       26.25
7936.00       26.25
7936.00       26.25
7936.00       26.25
8000.00       26.25
7936.00       26.25
7936.00       26.25
7936.00       26.25
8000.00       26.31
7936.00       26.31
7936.00       26.31
7872.00       26.31
7936.00       26.31
8064.00       26.31
7936.00       26.31
7936.00       26.31
8000.00       26.31
7936.00       26.31
8000.00       26.37
7936.00       26.37
8000.00       26.37
7936.00       26.37
7936.00       26.37
8000.00       26.37
7936.00       26.37
8000.00       26.37
7936.00       26.44
8000.00       26.44
7936.00       26.44
7936.00       26.44
8000.00       26.44
7936.00       26.44
8000.00       26.44
7936.00       26.44
8000.00       26.50
7936.00       26.50
8000.00       26.50
7936.00       26.50
7936.00       26.50
8000.00       26.50
7936.00       26.50
8000.00       26.50
7936.00       26.50
7808.00       26.50
8128.00       26.50
7808.00       26.56
8128.00       26.56
8000.00       26.56
7936.00       26.56
8000.00       26.56
7872.00       26.56
7872.00       26.56
8192.00       26.56
7872.00       26.56
7872.00       26.56
8128.00       26.56
7936.00       26.56
8000.00       26.56
7872.00       26.56
8064.00       26.62
8000.00       26.56
8000.00       26.62
7936.00       26.56
7936.00       26.56
8064.00       26.62
7936.00       26.62
8000.00       26.62
7936.00       26.62
8000.00       26.56
8000.00       26.56
7936.00       26.56
8000.00       26.56
7936.00       26.56
8000.00       26.62
7936.00       26.62
8000.00       26.62
7936.00       26.62
8000.00       26.62
7936.00       26.62
8000.00       26.62
8000.00       26.62
7936.00       26.62
8000.00       26.62
7936.00       26.62
8000.00       26.62
7936.00       26.62
8000.00       26.62
7936.00       26.62
8000.00       26.62
7936.00       26.62
8000.00       26.62
7936.00       26.56
8000.00       26.56
8000.00       26.62
7936.00       26.56
8000.00       26.56
7936.00       26.62
8000.00       26.62
7936.00       26.62
8000.00       26.62
7808.00       26.62
8128.00       26.62
7936.00       26.62
7872.00       26.62
8064.00       26.62
7936.00       26.62
7872.00       26.62
8128.00       26.62
7936.00       26.62
8000.00       26.62
7872.00       26.62
7936.00       26.62
8128.00       26.62
7872.00       26.62
8064.00       26.62
7936.00       26.62
8000.00       26.62
8000.00       26.56
7936.00       26.56
8000.00       26.56
7936.00       26.56
8000.00       26.50
7936.00       26.50
8000.00       26.50
8000.00       26.50
7936.00       26.50
8000.00       26.44
7936.00       26.44
8000.00       26.44
8000.00       26.44
7936.00       26.44
8000.00       26.44
7936.00       26.44
8000.00       26.44
7936.00       26.44
8000.00       26.44
8000.00       26.44
7936.00       26.37
8000.00       26.37
7936.00       26.37
8000.00       26.37
8000.00       26.31
7936.00       26.31
8000.00       26.31
7936.00       26.31
8000.00       26.31
7936.00       26.31
8000.00       26.31
7936.00       26.25
8000.00       26.25
8000.00       26.25
7936.00       26.25
8000.00       26.25
7936.00       26.19
8000.00       26.19
7808.00       26.19
8128.00       26.19
7872.00       26.19
7872.00       26.12
8192.00       26.12
7872.00       26.12
7872.00       26.12
8128.00       26.12
7808.00       26.12
8128.00       26.19
7936.00       26.19
7872.00       26.19
8128.00       26.19
7872.00       26.25
8064.00       26.25
8000.00       26.25
8000.00       26.25
7936.00       26.25
8000.00       26.25
7936.00       26.31
8000.00       26.31
8000.00       26.31
7936.00       26.31
8000.00       26.31
8000.00       26.31
7936.00       26.31
8000.00       26.31
8000.00       26.31
7936.00       26.31
8000.00       26.31
7936.00       26.31
8000.00       26.31
8000.00       26.37
7936.00       26.37
8000.00       26.31
8000.00       26.37
7936.00       26.37
8000.00       26.31
7936.00       26.31
8000.00       26.31
8000.00       26.31
7936.00       26.31
8000.00       26.31
7936.00       26.31
8000.00       26.31
8000.00       26.31
7936.00       26.31
8000.00       26.31
7936.00       26.31
8000.00       26.37
7936.00       26.37
8000.00       26.37
8000.00       26.37
7936.00       26.37
8000.00       26.37
8000.00       26.37
7936.00       26.37
8000.00       26.37
7936.00       26.37
8000.00       26.37
7936.00       26.37
8000.00       26.37
8000.00       26.37
7936.00       26.37
7808.00       26.37
8192.00       26.37
7872.00       26.37
7872.00       26.37
8192.00       26.37
7872.00       26.37
7872.00       26.44
8128.00       26.44
7936.00       26.44
8064.00       26.44
7808.00       26.44
8128.00       26.44
7936.00       26.44
7872.00       26.44
8128.00       26.44
7936.00       26.44
8064.00       26.44
7936.00       26.44
8000.00       26.44
8000.00       26.44
7936.00       26.44
8000.00       26.44
8000.00       26.44
8000.00       26.44
7936.00       26.37
8000.00       26.37
8000.00       26.37
7936.00       26.37
8064.00       26.37
7936.00       26.37
8000.00       26.37
8000.00       26.37
8000.00       26.37
8000.00       26.37
7936.00       26.37
8000.00       26.37
8000.00       26.37
8000.00       26.37
7936.00       26.37
8000.00       26.37
8000.00       26.37
8000.00       26.37
8000.00       26.37
8000.00       26.37
7936.00       26.37
8000.00       26.37
8000.00       26.37
8000.00       26.37
8000.00       26.37
8000.00       26.37
7936.00       26.37
8000.00       26.31
8000.00       26.31
8000.00       26.31
8000.00       26.31
8000.00       26.31
8000.00       26.31
8000.00       26.31
7936.00       26.31
8000.00       26.31
8000.00       26.31
8000.00       26.31
8000.00       26.31
8000.00       26.31
8000.00       26.31
8000.00       26.31
8000.00       26.31
8000.00       26.31
8000.00       26.31
8000.00       26.31
7936.00       26.31
8000.00       26.31
8000.00       26.31
8000.00       26.31
8000.00       26.31
8000.00       26.25
8000.00       26.25
7936.00       26.25
8064.00       26.25
7936.00       26.25
8064.00       26.25
8000.00       26.25
8000.00       26.25
8000.00       26.25
7936.00       26.25
8128.00       26.25
7872.00       26.25
8128.00       26.25
7936.00       26.25
8064.00       26.25
7808.00       26.25
8192.00       26.25
7936.00       26.25
8064.00       26.25
7936.00       26.25
7872.00       26.25
8128.00       26.25
7872.00       26.25
8128.00       26.25
7936.00       26.25
8128.00       26.25
7872.00       26.25
8128.00       26.25
7872.00       26.25
8128.00       26.25
7872.00       26.25
8128.00       26.25
8000.00       26.25
8000.00       26.25
8000.00       26.25
8000.00       26.19
8000.00       26.19
8064.00       26.19
8000.00       26.19
7808.00       26.19
8192.00       26.19
8000.00       26.12
8000.00       26.12
8000.00       26.12
8000.00       26.12
8000.00       26.12
8000.00       26.12
8000.00       26.12
8000.00       26.12
8000.00       26.12
8000.00       26.12
8000.00       26.12
8000.00       26.12
8000.00       26.12
8000.00       26.12
8000.00       26.12
8000.00       26.12
8000.00       26.12
8000.00       26.12
8000.00       26.12
8000.00       26.12
8000.00       26.06
8000.00       26.06
8000.00       26.06
8000.00       26.06
8000.00       26.06
8000.00       26.06
8000.00       26.06
7936.00       26.06
8000.00       26.06
8000.00       26.06
8000.00       26.06
8000.00       26.06
8000.00       26.00
8000.00       26.00
8000.00       26.00
8000.00       26.00
8000.00       26.00
7936.00       26.00
8000.00       26.00
8000.00       26.00
8000.00       26.00
8000.00       26.00
8000.00       26.00
7936.00       26.00
8000.00       26.00
8000.00       26.00
8000.00       26.00
8000.00       26.00
7936.00       25.94
8000.00       25.94
8000.00       25.94
8000.00       25.94
7936.00       25.94
8000.00       25.94
8000.00       25.94
8000.00       25.94
7936.00       25.94
8000.00       25.94
8000.00       25.87
7936.00       25.87
8000.00       25.87
8000.00       25.87
8000.00       25.87
7936.00       25.81
8000.00       25.87
8000.00       25.87
7936.00       25.81
8000.00       25.81
8000.00       25.81
7936.00       25.81
8000.00       25.81
7936.00       25.81
8000.00       25.81
8000.00       25.81
7936.00       25.81
8000.00       25.81
7872.00       25.81
7872.00       25.81
8128.00       25.87
7872.00       25.87
8064.00       25.81
7872.00       25.81
7936.00       25.81
8128.00       25.87
7872.00       25.81
8064.00       25.81
7936.00       25.87
7872.00       25.87
8064.00       25.87
8000.00       25.87
7936.00       25.87
8000.00       25.87
7936.00       25.87
7936.00       25.87
8000.00       25.87
7936.00       25.94
8000.00       25.94
7936.00       25.94
8000.00       25.94
7936.00       25.94
7936.00       25.94
8000.00       25.94
7936.00       25.94
8000.00       25.94
7936.00       25.94
7936.00       26.00
8000.00       26.00
7936.00       26.00
8000.00       26.00
7936.00       26.00
7936.00       26.00
8000.00       26.00
7936.00       26.00
7936.00       26.00
8000.00       26.00
7872.00       26.00
8064.00       26.06
7936.00       26.00
7872.00       26.06
7872.00       26.06
8064.00       26.06
7936.00       26.12
8064.00       26.12
7872.00       26.19
8000.00       26.19
8000.00       26.19
7936.00       26.25
7936.00       26.25
8000.00       26.25
7936.00       26.25
7936.00       26.25
8000.00       26.31
7936.00       26.31
7872.00       26.31
8000.00       26.31
8000.00       26.31
7936.00       26.37
7936.00       26.37
7936.00       26.37
8000.00       26.37
7936.00       26.37
7936.00       26.37
7808.00       26.37
8128.00       26.44
7936.00       26.44
7872.00       26.50
8000.00       26.50
7872.00       26.50
7936.00       26.50
8064.00       26.50
7936.00       26.50
7936.00       26.44
8000.00       26.44
7936.00       26.44
7936.00       26.44
7936.00       26.44
8000.00       26.44
7936.00       26.44
7936.00       26.44
7936.00       26.44
7936.00       26.44
8000.00       26.44
7936.00       26.44
7936.00       26.44
7936.00       26.44
7936.00       26.44
8000.00       26.37
7936.00       26.37
7936.00       26.37
7936.00       26.37
7872.00       26.37
7872.00       26.37
8064.00       26.31
7872.00       26.31
8064.00       26.31
7936.00       26.31
7936.00       26.31
7936.00       26.31
7936.00       26.25
8000.00       26.25
7936.00       26.31
7936.00       26.31
7936.00       26.31
7936.00       26.25
7936.00       26.25
7936.00       26.31
7936.00       26.25
8000.00       26.25
7936.00       26.25
7936.00       26.25
7936.00       26.25
7936.00       26.25
7936.00       26.25
7808.00       26.25
8064.00       26.25
7936.00       26.25
7936.00       26.25
8000.00       26.25
7936.00       26.25
7872.00       26.25
8000.00       26.25
7936.00       26.19
7936.00       26.19
7936.00       26.19
8000.00       26.19
7936.00       26.19
7936.00       26.19
7936.00       26.19
7936.00       26.19
7936.00       26.19
7936.00       26.19
8000.00       26.19
7936.00       26.19
7936.00       26.19
7936.00       26.19
7936.00       26.25
7808.00       26.25
8128.00       26.25
7872.00       26.25
7936.00       26.25
8000.00       26.25
7936.00       26.25
8000.00       26.25
7936.00       26.25
7936.00       26.25
7936.00       26.25
7936.00       26.25
7936.00       26.25
8000.00       26.25
7936.00       26.25
7936.00       26.25
7936.00       26.19
7936.00       26.19
8000.00       26.19
7936.00       26.19
7936.00       26.25
7936.00       26.19
7936.00       26.19
7936.00       26.19
8000.00       26.19
7936.00       26.19
7808.00       26.19
7936.00       26.19
8064.00       26.19
7936.00       26.19
8000.00       26.19
7936.00       26.19
7936.00       26.19
7936.00       26.19
7936.00       26.19
7936.00       26.25
8000.00       26.25
7936.00       26.25
7936.00       26.25
7936.00       26.25
7936.00       26.31
8000.00       26.31
7936.00       26.31
7936.00       26.31
8000.00       26.31
7936.00       26.31
7936.00       26.31
8000.00       26.31
7936.00       26.37
7936.00       26.37
7936.00       26.37
7808.00       26.37
8128.00       26.37
7936.00       26.37
7872.00       26.37
8064.00       26.37
7936.00       26.37
7872.00       26.37
8000.00       26.44
8000.00       26.44
7936.00       26.44
7936.00       26.44
8000.00       26.44
7936.00       26.44
7936.00       26.44
8000.00       26.44
7936.00       26.44
7936.00       26.50
7936.00       26.50
8000.00       26.50
7936.00       26.50
7936.00       26.50
8000.00       26.50
7936.00       26.50
7936.00       26.56
8000.00       26.56
7936.00       26.56
7936.00       26.56
8000.00       26.56
7936.00       26.56
7936.00       26.62
7872.00       26.56
8064.00       26.56
7936.00       26.56
7872.00       26.62
8064.00       26.62
7936.00       26.62
8000.00       26.62
7936.00       26.62
7936.00       26.62
8000.00       26.69
7936.00       26.62
7936.00       26.62
8000.00       26.62
7936.00       26.62
7936.00       26.62
8000.00       26.62
7936.00       26.62
8000.00       26.62
7936.00       26.62
7936.00       26.62
7936.00       26.62
8000.00       26.62
7936.00       26.62
7936.00       26.62
8000.00       26.62
7936.00       26.62
7936.00       26.62
8000.00       26.62
7936.00       26.62
7872.00       26.62
7872.00       26.62
8128.00       26.62
8000.00       26.62
7936.00       26.69
7872.00       26.69
7872.00       26.69
8192.00       26.69
7872.00       26.69
8064.00       26.69
7936.00       26.69
7872.00       26.69
8064.00       26.75
8000.00       26.75
7936.00       26.75
8000.00       26.75
7936.00       26.75
8000.00       26.75
7936.00       26.75
8000.00       26.75
7936.00       26.75
8000.00       26.75
7936.00       26.75
8000.00       26.75
7936.00       26.75
8000.00       26.75
7936.00       26.75
8000.00       26.75
8000.00       26.75
7936.00       26.75
8000.00       26.75
7936.00       26.75
8000.00       26.75
8000.00       26.75
7936.00       26.75
8000.00       26.75
7936.00       26.75
8000.00       26.75
7936.00       26.75
8000.00       26.75
7936.00       26.75
8000.00       26.75
8000.00       26.75
7936.00       26.75
8000.00       26.75
7936.00       26.75
8000.00       26.75
8000.00       26.75
8000.00       26.75
7936.00       26.75
8000.00       26.75
7936.00       26.75
8000.00       26.75
7808.00       26.75
8192.00       26.75
7936.00       26.75
8000.00       26.75
7808.00       26.75
8128.00       26.75
8000.00       26.75
7808.00       26.75
8192.00       26.75
7872.00       26.75
8064.00       26.81
7936.00       26.81
7872.00       26.81
8192.00       26.81
7872.00       26.81
8064.00       26.81
7808.00       26.81
8192.00       26.81
7872.00       26.81
8128.00       26.81
7936.00       26.81
7872.00       26.81
8128.00       26.81
7872.00       26.81
8128.00       26.81
7936.00       26.81
7872.00       26.81
8128.00       26.81
7936.00       26.81
8064.00       26.81
7808.00       26.81
8128.00       26.81
7936.00       26.81
7872.00       26.81
8128.00       26.81
7872.00       26.81
8128.00       26.81
7936.00       26.81
8064.00       26.75
7936.00       26.75
7936.00       26.75
8064.00       26.81
8000.00       26.81
8000.00       26.75
7872.00       26.75
8128.00       26.75
7872.00       26.75
7872.00       26.75
8192.00       26.75
7872.00       26.81
8128.00       26.81
7872.00       26.81
8128.00       26.81
7936.00       26.81
7872.00       26.81
8128.00       26.81
7808.00       26.81
8192.00       26.81
7808.00       26.81
8192.00       26.81
7872.00       26.87
8064.00       26.87
8000.00       26.87
7872.00       26.87
8128.00       26.87
7872.00       26.87
8128.00       26.87
7872.00       26.87
8064.00       26.87
7936.00       26.87
8064.00       26.87
7936.00       26.87
7872.00       26.87
8128.00       26.87
7936.00       26.87
8064.00       26.87
7936.00       26.87
7872.00       26.87
8192.00       26.87
7872.00       26.87
8064.00       26.87
8000.00       26.87
7936.00       26.87
7936.00       26.87
8128.00       26.87
7936.00       26.87
7872.00       26.81
8192.00       26.81
7808.00       26.81
8128.00       26.75
7936.00       26.75
8064.00       26.75
8000.00       26.69
7872.00       26.69
8064.00       26.69
7936.00       26.69
8064.00       26.62
7872.00       26.62
8128.00       26.62
7936.00       26.62
8064.00       26.62
7936.00       26.62
7872.00       26.62
8128.00       26.62
7872.00       26.62
8128.00       26.62
7936.00       26.62
8064.00       26.62
8000.00       26.62
7808.00       26.62
8128.00       26.62
7808.00       26.62
8192.00       26.62
7872.00       26.62
8128.00       26.62
7936.00       26.62
8000.00       26.62
8000.00       26.62
7872.00       26.62
8128.00       26.62
7936.00       26.62
8064.00       26.62
8000.00       26.62
8000.00       26.62
7872.00       26.62
7936.00       26.62
8128.00       26.62
7872.00       26.62
8128.00       26.62
7936.00       26.56
8064.00       26.56
7936.00       26.56
8000.00       26.56
8000.00       26.56
7872.00       26.62
8128.00       26.62
7808.00       26.56
8192.00       26.62
7872.00       26.62
8064.00       26.62
8000.00       26.62
7872.00       26.56
8128.00       26.56
7872.00       26.56
8064.00       26.56
8000.00       26.56
8000.00       26.56
8000.00       26.56
8000.00       26.56
7936.00       26.56
7872.00       26.56
8192.00       26.56
7808.00       26.56
8128.00       26.56
7936.00       26.56
8064.00       26.56
8000.00       26.56
7872.00       26.56
8128.00       26.56
7936.00       26.56
8000.00       26.56
8000.00       26.56
8000.00       26.62
7936.00       26.62
8064.00       26.62
7936.00       26.62
7936.00       26.62
8128.00       26.62
7872.00       26.62
8064.00       26.62
7936.00       26.62
8064.00       26.62
8000.00       26.62
7872.00       26.62
8128.00       26.62
7936.00       26.62
8000.00       26.62
7872.00       26.69
8128.00       26.62
7936.00       26.69
8064.00       26.69
7936.00       26.69
7936.00       26.75
8128.00       26.75
7872.00       26.75
8064.00       26.75
7936.00       26.75
8064.00       26.75
8000.00       26.75
7936.00       26.75
8000.00       26.75
7872.00       26.75
8128.00       26.75
7936.00       26.75
8128.00       26.75
7872.00       26.75
8128.00       26.75
7872.00       26.75
7936.00       26.81
8128.00       26.81
7872.00       26.81
8128.00       26.81
7936.00       26.81
8064.00       26.81
7808.00       26.81
8192.00       26.75
7872.00       26.75
8128.00       26.75
7936.00       26.75
8064.00       26.75
7936.00       26.75
8064.00       26.81
8000.00       26.75
7872.00       26.75
8128.00       26.75
7872.00       26.75
8128.00       26.75
8064.00       26.69
8000.00       26.69
8000.00       26.69
8000.00       26.69
8000.00       26.69
8000.00       26.69
8000.00       26.69
8000.00       26.69
8000.00       26.69
8000.00       26.69
8064.00       26.69
8000.00       26.69
8000.00       26.75
8000.00       26.75
8000.00       26.75
8000.00       26.81
8000.00       26.81
8000.00       26.81
8000.00       26.81
8000.00       26.81
8064.00       26.81
8000.00       26.81
8000.00       26.87
8000.00       26.87
8000.00       26.87
8000.00       26.87
8000.00       26.87
8064.00       26.87
8000.00       26.87
8000.00       26.87
8000.00       26.87
8000.00       26.87
8000.00       26.87
8064.00       26.81
8000.00       26.81
8000.00       26.81
8000.00       26.81
8000.00       26.81
8000.00       26.81
8064.00       26.75
8000.00       26.75
8000.00       26.75
8000.00       26.75
8000.00       26.75
8000.00       26.75
8000.00       26.75
8064.00       26.75
7936.00       26.69
8064.00       26.69
8000.00       26.69
8000.00       26.69
8000.00       26.69
7872.00       26.69
8128.00       26.69
8064.00       26.69
7872.00       26.69
8128.00       26.62
7936.00       26.62
7872.00       26.62
8128.00       26.62
7936.00       26.62
8192.00       26.62
7808.00       26.62
8192.00       26.56
7872.00       26.56
8128.00       26.56
7936.00       26.56
8064.00       26.56
8064.00       26.56
8000.00       26.56
8000.00       26.56
8000.00       26.50
8000.00       26.50
8000.00       26.50
8000.00       26.50
8000.00       26.50
8064.00       26.50
8000.00       26.44
8000.00       26.44
8000.00       26.44
8000.00       26.44
8000.00       26.44
8000.00       26.44
8000.00       26.44
8000.00       26.44
8064.00       26.37
8000.00       26.37
8000.00       26.37
8000.00       26.37
8000.00       26.37
8000.00       26.31
8000.00       26.31
8000.00       26.31
8000.00       26.31
8064.00       26.31
8000.00       26.25
8000.00       26.25
6976.00       26.25
8128.00       26.25
8896.00       26.25
8000.00       26.25
8000.00       26.25
8000.00       26.25
8000.00       26.19
8000.00       26.19
8000.00       26.19
8064.00       26.19
8000.00       26.19
8000.00       26.19
8000.00       26.19
8000.00       26.19
8000.00       26.19
8000.00       26.19
8000.00       26.19
8000.00       26.19
8000.00       26.19
8000.00       26.19
8000.00       26.19
8000.00       26.19
8000.00       26.19
8000.00       26.19
8000.00       26.19
8000.00       26.12
8000.00       26.12
8000.00       26.12
8000.00       26.12
8000.00       26.12
8064.00       26.12
8000.00       26.12
8000.00       26.12
7936.00       26.12
8064.00       26.12
8000.00       26.12
8000.00       26.12
8000.00       26.12
8000.00       26.12
8000.00       26.12
8000.00       26.12
8000.00       26.12
8000.00       26.12
8000.00       26.12
8000.00       26.12
8000.00       26.12
8000.00       26.12
8000.00       26.06
7936.00       26.06
8000.00       26.12
8000.00       26.06
8000.00       26.06
8000.00       26.06
8000.00       26.06
8000.00       26.06
8000.00       26.06
8000.00       26.06
8000.00       26.06
8000.00       26.06
7936.00       26.06
8000.00       26.06
8000.00       26.06
8000.00       26.06
8000.00       26.06
8000.00       26.06
8000.00       26.06
8000.00       26.06
7936.00       26.06
8000.00       26.06
8000.00       26.06
8000.00       26.06
8000.00       26.06
8000.00       26.06
7936.00       26.06
8000.00       26.06
8000.00       26.06
8000.00       26.06
8000.00       26.06
7936.00       26.06
8000.00       26.06
8000.00       26.06
8000.00       26.06
7936.00       26.12
8000.00       26.12
8000.00       26.12
8000.00       26.12
7936.00       26.12
8000.00       26.12
8000.00       26.12
8000.00       26.12
8000.00       26.12
7936.00       26.12
8000.00       26.12
8000.00       26.12
8000.00       26.12
7936.00       26.06
8000.00       26.06
8000.00       26.06
8000.00       26.06
7936.00       26.12
8000.00       26.12
8000.00       26.12
8000.00       26.12
7936.00       26.12
8000.00       26.12
8000.00       26.12
8000.00       26.12
7936.00       26.12
8000.00       26.12
8000.00       26.12
8000.00       26.06
7936.00       26.12
8000.00       26.12
8000.00       26.12
7936.00       26.12
8000.00       26.12
8000.00       26.12
7936.00       26.12
8000.00       26.12
8000.00       26.12
8000.00       26.12
7936.00       26.12
8000.00       26.12
8000.00       26.12
7936.00       26.12
8000.00       26.12
8000.00       26.12
7936.00       26.12
8000.00       26.12
7936.00       26.12
8000.00       26.12
8000.00       26.12
8000.00       26.12
7936.00       26.12
8000.00       26.12
7936.00       26.06
8000.00       26.06
8000.00       26.06
7936.00       26.06
8000.00       26.06
7936.00       26.06
8000.00       26.06
8000.00       26.06
7936.00       26.06
7936.00       26.06
8000.00       26.06
8000.00       26.12
7936.00       26.12
8000.00       26.06
7936.00       26.06
8000.00       26.06
7936.00       26.06
8000.00       26.06
8000.00       26.06
7936.00       26.06
8000.00       26.06
7936.00       26.06
8000.00       26.06
7936.00       26.06
8000.00       26.06
7936.00       26.06
8000.00       26.06
7936.00       26.06
8000.00       26.12
7936.00       26.06
8000.00       26.06
7936.00       26.06
8000.00       26.06
7936.00       26.06
8000.00       26.06
7936.00       26.06
7936.00       26.06
8000.00       26.06
7936.00       26.06
8000.00       26.06
7936.00       26.06
8000.00       26.06
7936.00       26.06
7936.00       26.06
8000.00       26.06
7936.00       26.06
7936.00       26.06
8000.00       26.06
7936.00       26.06
8000.00       26.06
7936.00       26.06
7936.00       26.06
8000.00       26.06
7936.00       26.06
7936.00       26.06
8000.00       26.06
7936.00       26.06
7936.00       26.00
8000.00       26.00
7936.00       26.00
7936.00       26.00
8000.00       26.00
7936.00       26.00
7936.00       26.00
7936.00       26.00
8000.00       26.00
7936.00       26.00
7936.00       26.00
7936.00       26.00
7936.00       26.00
7936.00       26.00
8000.00       26.00
7936.00       26.00
7936.00       26.00
7936.00       26.00
7936.00       26.00
7936.00       26.00
8000.00       26.00
7936.00       26.00
7936.00       26.00
7936.00       26.00
7936.00       26.00
7936.00       26.00
7936.00       26.00
8000.00       26.00
7936.00       26.00
7936.00       26.00
7936.00       26.00
7936.00       25.94
7936.00       25.94
7936.00       25.94
7936.00       26.00
7936.00       25.94
7936.00       25.94
7936.00       26.00
8000.00       26.00
7936.00       26.00
7936.00       26.00
7936.00       26.00
7936.00       26.00
7872.00       26.06
8000.00       26.06
7936.00       26.06
7936.00       26.06
7936.00       26.06
8000.00       26.06
7936.00       26.06
7936.00       26.06
7936.00       26.06
7936.00       26.06
7936.00       26.06
7936.00       26.06
7936.00       26.06
7936.00       26.06
8000.00       26.06
7936.00       26.06
7936.00       26.06
7936.00       26.06
7936.00       26.00
7936.00       26.00
7936.00       26.00
7936.00       26.00
7936.00       26.00
8000.00       26.00
7936.00       25.94
7936.00       25.94
7936.00       25.94
7936.00       25.94
7936.00       25.94
7936.00       25.94
7936.00       25.94
7936.00       25.94
7936.00       25.94
8000.00       25.87
7936.00       25.87
7936.00       25.87
7936.00       25.87
7936.00       25.87
7936.00       25.87
7936.00       25.87
7936.00       25.87
7936.00       25.87
7936.00       25.87
7936.00       25.87
7936.00       25.87
7936.00       25.87
7936.00       25.87
7936.00       25.87
7936.00       25.87
7936.00       25.87
7936.00       25.87
7936.00       25.87
7936.00       25.87
7936.00       25.87
7936.00       25.94
7936.00       25.94
7936.00       25.94
7936.00       25.94
7936.00       25.87
7936.00       25.94
7936.00       25.94
8000.00       25.87
7936.00       25.87
7936.00       25.87
7936.00       25.87
7936.00       25.87
7872.00       25.87
8000.00       25.87
7936.00       25.87
7936.00       25.87
7936.00       25.87
7936.00       25.87
7936.00       25.87
7936.00       25.87
7936.00       25.87
7936.00       25.87
7936.00       25.87
7936.00       25.87
7936.00       25.87
7936.00       25.87
7936.00       25.87
7936.00       25.87
7936.00       25.87
7936.00       25.87
7936.00       25.87
7936.00       25.87
7936.00       25.87
7936.00       25.87
7936.00       25.81
7936.00       25.81
7936.00       25.81
7936.00       25.87
7936.00       25.87
7936.00       25.87
7936.00       25.87
7936.00       25.87
7936.00       25.87
7936.00       25.87
7936.00       25.87
7936.00       25.87
7872.00       25.87
7936.00       25.87
7936.00       25.87
7936.00       25.87
7936.00       25.87
7936.00       25.87
7936.00       25.87
7936.00       25.87
7936.00       25.87
7936.00       25.87
7936.00       25.87
7936.00       25.87
7936.00       25.87
7936.00       25.87
7872.00       25.87
7936.00       25.87
7936.00       25.87
7936.00       25.87
7936.00       25.87
7936.00       25.87
7936.00       25.87
7936.00       25.87
7936.00       25.87
7936.00       25.87
7936.00       25.87
7936.00       25.81
7936.00       25.81
7936.00       25.81
7936.00       25.81
7872.00       25.81
7936.00       25.87
7936.00       25.81
7936.00       25.81
7936.00       25.81
7936.00       25.87
7936.00       25.87
7936.00       25.87
7936.00       25.87
7936.00       25.81
7936.00       25.81
7872.00       25.81
7936.00       25.81
7936.00       25.81
7936.00       25.81
7936.00       25.81
7936.00       25.81
7936.00       25.81
7936.00       25.81
7936.00       25.75
7872.00       25.81
7936.00       25.75
7936.00       25.75
7936.00       25.75
7936.00       25.75
7936.00       25.75
7936.00       25.75
7936.00       25.75
7936.00       25.75
7872.00       25.75
7936.00       25.75
7936.00       25.75
7936.00       25.75
7936.00       25.75
7936.00       25.75
7872.00       25.75
7936.00       25.75
7936.00       25.75
7936.00       25.75
7936.00       25.69
7936.00       25.75
7872.00       25.69
7936.00       25.69
7936.00       25.69
7936.00       25.69
7936.00       25.69
7872.00       25.69
7936.00       25.75
7936.00       25.69
7936.00       25.75
7872.00       25.75
8000.00       25.75
7872.00       25.69
7936.00       25.69
7936.00       25.69
7936.00       25.69
7872.00       25.69
7936.00       25.69
7936.00       25.69
7936.00       25.69
7936.00       25.69
7872.00       25.69
7936.00       25.69
7936.00       25.69
7872.00       25.69
7936.00       25.69
7936.00       25.69
7936.00       25.69
7872.00       25.69
7936.00       25.69
7936.00       25.69
7936.00       25.69
7872.00       25.69
7936.00       25.69
7936.00       25.69
7872.00       25.69
7936.00       25.75
7936.00       25.75
7936.00       25.75
7872.00       25.75
7936.00       25.75
7936.00       25.75
7936.00       25.75
7872.00       25.75
7936.00       25.75
7936.00       25.75
7872.00       25.75
7936.00       25.75
7936.00       25.81
7936.00       25.81
7872.00       25.81
7936.00       25.81
7936.00       25.81
7872.00       25.81
7936.00       25.81
7936.00       25.81
7872.00       25.81
7936.00       25.81
7936.00       25.81
7872.00       25.81
7936.00       25.81
7936.00       25.81
7872.00       25.81
7936.00       25.81
7936.00       25.81
7872.00       25.81
7936.00       25.75
7936.00       25.75
7872.00       25.81
7936.00       25.81
7936.00       25.75
7872.00       25.75
7936.00       25.75
7936.00       25.75
7872.00       25.75
7936.00       25.75
7872.00       25.75
7936.00       25.75
7936.00       25.75
7872.00       25.75
7936.00       25.75
7872.00       25.75
7936.00       25.75
7936.00       25.75
7872.00       25.75
7936.00       25.75
7872.00       25.75
7936.00       25.75
7936.00       25.81
7872.00       25.75
7936.00       25.81
7872.00       25.81
7936.00       25.81
7872.00       25.81
7936.00       25.81
7936.00       25.81
7872.00       25.81
7936.00       25.81
7872.00       25.81
7936.00       25.87
7872.00       25.87
7936.00       25.87
7936.00       25.87
7872.00       25.87
7936.00       25.87
7872.00       25.87
7936.00       25.87
7872.00       25.87
7936.00       25.87
7936.00       25.87
7872.00       25.94
7936.00       25.94
7872.00       25.94
7936.00       25.94
7872.00       25.94
7936.00       25.94
7936.00       25.94
7872.00       25.94
7936.00       26.00
7872.00       26.00
7936.00       26.00
7872.00       26.00
7936.00       26.00
7936.00       26.00
7872.00       26.06
7936.00       26.06
7872.00       26.06
7936.00       26.06
7872.00       26.06
7936.00       26.06
7936.00       26.06
7872.00       26.06
7936.00       26.06
7872.00       26.06
7936.00       26.06
7936.00       26.06
7872.00       26.06
7936.00       26.12
7872.00       26.12
7936.00       26.06
7936.00       26.06
7872.00       26.06
7936.00       26.06
7872.00       26.06
7936.00       26.06
7936.00       26.06
7872.00       26.06
7936.00       26.06
7872.00       26.06
7936.00       26.06
7936.00       26.06
7872.00       26.06
7936.00       26.06
7936.00       26.06
7872.00       26.06
7936.00       26.06
7936.00       26.06
7872.00       26.00
7936.00       26.00
7872.00       26.00
7936.00       26.00
7936.00       26.00
7872.00       26.00
7936.00       25.94
7872.00       25.94
7936.00       25.94
7936.00       25.94
7872.00       25.87
7936.00       25.87
7872.00       25.87
7936.00       25.87
7872.00       25.87
7936.00       25.87
7936.00       25.87
7872.00       25.87
7936.00       25.81
7872.00       25.81
7936.00       25.81
7936.00       25.75
7872.00       25.75
7936.00       25.75
7872.00       25.75
7936.00       25.75
7872.00       25.69
7936.00       25.69
7872.00       25.69
7936.00       25.69
7872.00       25.69
7936.00       25.69
7872.00       25.69
7936.00       25.69
7872.00       25.69
7936.00       25.69
7872.00       25.69
7936.00       25.69
7872.00       25.69
7936.00       25.69
7872.00       25.69
7936.00       25.69
7872.00       25.69
7936.00       25.69
7872.00       25.69
7936.00       25.69
7872.00       25.75
7936.00       25.75
7872.00       25.75
7872.00       25.75
7936.00       25.75
7872.00       25.75
7936.00       25.69
7872.00       25.75
7936.00       25.69
7872.00       25.69
7936.00       25.69
7872.00       25.69
7936.00       25.69
7872.00       25.69
7936.00       25.69
7872.00       25.69
7936.00       25.69
7872.00       25.69
7936.00       25.69
7872.00       25.69
7936.00       25.69
7872.00       25.69
7872.00       25.69
7936.00       25.69
7872.00       25.69
7936.00       25.69
7872.00       25.62
7936.00       25.62
7872.00       25.62
7872.00       25.62
7936.00       25.62
7872.00       25.62
7936.00       25.62
7872.00       25.62
7872.00       25.62
7936.00       25.62
7872.00       25.62
7872.00       25.62
7936.00       25.62
7872.00       25.62
7872.00       25.62
7936.00       25.62
7872.00       25.62
7872.00       25.56
7936.00       25.56
7872.00       25.56
7872.00       25.56
7936.00       25.56
7872.00       25.56
7872.00       25.56
7936.00       25.56
7872.00       25.56
7872.00       25.56
7936.00       25.56
7872.00       25.56
7872.00       25.56
7936.00       25.56
7872.00       25.56
7872.00       25.56
7872.00       25.56
7936.00       25.56
7872.00       25.56
7872.00       25.56
7872.00       25.56
7936.00       25.50
7872.00       25.56
7872.00       25.56
7872.00       25.56
7936.00       25.56
7872.00       25.56
7872.00       25.56
7872.00       25.56
7872.00       25.62
7936.00       25.62
7872.00       25.62
7872.00       25.62
7872.00       25.62
7936.00       25.62
7872.00       25.62
7872.00       25.62
7872.00       25.62
7872.00       25.69
7936.00       25.69
7872.00       25.69
7872.00       25.69
7872.00       25.75
7872.00       25.75
7936.00       25.69
7872.00       25.75
7872.00       25.69
7872.00       25.69
7872.00       25.69
7936.00       25.75
7872.00       25.75
7872.00       25.75
7872.00       25.75
7872.00       25.75
7872.00       25.75
7872.00       25.75
7936.00       25.75
7872.00       25.81
7872.00       25.81
7872.00       25.81
7872.00       25.81
7936.00       25.81
7872.00       25.81
7872.00       25.81
7872.00       25.81
7872.00       25.87
7872.00       25.87
7872.00       25.87
7936.00       25.94
7872.00       25.94
7872.00       25.94
7872.00       25.94
7872.00       26.00
7872.00       26.00
7936.00       26.00
7872.00       26.00
7872.00       26.00
7872.00       26.00
7872.00       26.00
7936.00       26.00
7872.00       26.00
7872.00       26.00
7872.00       26.06
7872.00       26.06
7936.00       26.06
7872.00       26.06
7872.00       26.06
7872.00       26.06
7872.00       26.06
7936.00       26.06
7872.00       26.06
7872.00       26.06
7872.00       26.12
7872.00       26.12
7936.00       26.06
7872.00       26.06
7872.00       26.06
7872.00       26.06
7936.00       26.06
7872.00       26.06
7872.00       26.06
7872.00       26.06
7936.00       26.06
7232.00       26.00
8064.00       26.00
8256.00       26.00
8000.00       26.00
7872.00       25.94
7872.00       25.94
7872.00       25.94
7616.00       25.94
8192.00       25.94
7872.00       25.94
7872.00       25.94
7936.00       25.94
7872.00       25.94
7872.00       25.94
7872.00       25.94
7936.00       26.00
7872.00       26.00
7744.00       26.00
6976.00       26.00
8960.00       26.00
7872.00       26.00
7872.00       26.00
7872.00       26.00
7872.00       26.00
7424.00       26.00
8384.00       26.00
7872.00       26.00
7872.00       26.00
7872.00       26.00
7872.00       26.00
7872.00       26.00
7936.00       26.00
7872.00       26.00
7872.00       26.00
7872.00       26.00
7872.00       26.06
7872.00       26.06
6976.00       26.06
8832.00       26.06
7872.00       26.06
7872.00       26.06
7872.00       26.06
7936.00       26.06
7872.00       26.06
7872.00       26.06
7872.00       26.06
7872.00       26.06
7936.00       26.06
7872.00       26.06
7872.00       26.06
7872.00       26.06
7872.00       26.06
7936.00       26.06
7744.00       26.06
7872.00       26.06
8000.00       26.06
7872.00       26.06
7872.00       26.00
7872.00       26.00
7872.00       26.00
7872.00       26.00
7936.00       26.00
7872.00       26.00
7680.00       26.00
8064.00       26.00
7872.00       26.00
7872.00       26.00
7872.00       26.00
7872.00       26.00
7936.00       26.00
7872.00       26.00
7872.00       26.00
7872.00       26.00
7872.00       26.00
7872.00       25.94
7872.00       25.94
7872.00       25.94
7872.00       25.94
7872.00       25.94
7872.00       25.94
7872.00       25.94
7680.00       25.94
8064.00       25.94
7872.00       25.87
7872.00       25.87
7872.00       25.87
7936.00       25.87
7872.00       25.87
7872.00       25.87
7872.00       25.87
7872.00       25.87
7872.00       25.87
7872.00       25.87
7872.00       25.87
7872.00       25.87
7872.00       25.87
7872.00       25.87
7872.00       25.87
7872.00       25.87
7872.00       25.87
7872.00       25.87
7872.00       25.81
7872.00       25.81
7872.00       25.87
7872.00       25.81
7872.00       25.87
7872.00       25.81
7872.00       25.81
7872.00       25.87
7872.00       25.87
7872.00       25.87
7872.00       25.87
7872.00       25.87
7872.00       25.87
7872.00       25.87
7872.00       25.87
7872.00       25.87
7872.00       25.87
7744.00       25.87
8000.00       25.87
7872.00       25.87
7872.00       25.87
7872.00       25.87
7872.00       25.87
7872.00       25.94
7872.00       25.87
7680.00       25.87
7872.00       25.94
8064.00       25.94
7872.00       25.94
7872.00       25.94
7872.00       25.94
7872.00       25.87
7872.00       25.94
7872.00       25.94
7680.00       25.87
7872.00       25.87
8064.00       25.87
7872.00       25.87
7872.00       25.94
7872.00       25.94
7872.00       25.94
7872.00       25.94
7872.00       25.94
7872.00       25.94
7680.00       25.94
7872.00       26.00
8064.00       26.00
7872.00       26.00
7872.00       26.00
7872.00       26.00
7872.00       26.00
7872.00       26.00
7744.00       26.06
7872.00       26.06
7872.00       26.06
8000.00       26.06
7872.00       26.06
7872.00       26.06
7872.00       26.06
7872.00       26.06
7872.00       26.06
7872.00       26.06
7744.00       26.06
7936.00       26.12
8000.00       26.12
7872.00       26.12
7872.00       26.12
7872.00       26.19
7872.00       26.19
7872.00       26.19
7872.00       26.19
7936.00       26.19
7872.00       26.19
7872.00       26.25
7872.00       26.25
7872.00       26.25
7872.00       26.25
7872.00       26.25
7936.00       26.25
7872.00       26.25
7872.00       26.31
7872.00       26.31
7872.00       26.31
7872.00       26.31
7936.00       26.25
7872.00       26.25
7872.00       26.25
7872.00       26.25
7936.00       26.25
7872.00       26.25
7872.00       26.19
7808.00       26.19
8000.00       26.19
7872.00       26.19
7872.00       26.19
7872.00       26.19
7936.00       26.19
7872.00       26.19
7872.00       26.19
7872.00       26.19
7872.00       26.19
7936.00       26.19
7872.00       26.19
7872.00       26.19
7872.00       26.19
7936.00       26.19
7872.00       26.19
7872.00       26.19
7872.00       26.19
7936.00       26.19
7872.00       26.19
7872.00       26.19
7744.00       26.19
7936.00       26.19
8000.00       26.19
7872.00       26.19
7936.00       26.19
7872.00       26.19
7872.00       26.19
7936.00       26.19
7872.00       26.19
7872.00       26.19
7936.00       26.19
7808.00       26.19
7872.00       26.19
7872.00       26.19
8000.00       26.19
7872.00       26.19
7936.00       26.19
7872.00       26.19
7872.00       26.19
7936.00       26.19
7872.00       26.19
7936.00       26.19
7872.00       26.19
7808.00       26.25
7872.00       26.25
8000.00       26.25
7936.00       26.19
7872.00       26.25
7872.00       26.19
7936.00       26.19
7872.00       26.19
7936.00       26.19
7872.00       26.19
7936.00       26.19
7744.00       26.19
7872.00       26.19
8064.00       26.19
7872.00       26.19
7936.00       26.19
7872.00       26.19
7936.00       26.19
7872.00       26.19
7936.00       26.25
7872.00       26.25
7936.00       26.25
7872.00       26.25
7744.00       26.25
7936.00       26.25
8000.00       26.31
7936.00       26.31
7872.00       26.31
7936.00       26.31
7872.00       26.31
7936.00       26.31
7872.00       26.31
7936.00       26.31
7872.00       26.25
7936.00       26.25
7872.00       26.25
7936.00       26.25
7872.00       26.25
7872.00       26.25
8000.00       26.19
7872.00       26.19
7936.00       26.19
7872.00       26.19
7936.00       26.19
7936.00       26.19
7872.00       26.19
7936.00       26.19
7872.00       26.19
7744.00       26.19
7872.00       26.25
8128.00       26.19
7872.00       26.19
7936.00       26.19
7936.00       26.25
7872.00       26.25
7936.00       26.25
7872.00       26.25
7936.00       26.19
7872.00       26.25
7936.00       26.19
7872.00       26.19
7936.00       26.19
7808.00       26.19
7872.00       26.19
8064.00       26.19
7872.00       26.19
7936.00       26.19
7872.00       26.19
7936.00       26.19
7872.00       26.19
7936.00       26.19
7872.00       26.19
7936.00       26.19
7744.00       26.19
7872.00       26.19
8128.00       26.19
7872.00       26.19
7936.00       26.19
7936.00       26.19
7872.00       26.19
7936.00       26.19
7936.00       26.25
7872.00       26.19
7936.00       26.19
7872.00       26.19
7936.00       26.19
7936.00       26.19
7744.00       26.19
7872.00       26.19
8128.00       26.25
7872.00       26.19
7936.00       26.19
7936.00       26.19
7872.00       26.19
7936.00       26.19
7936.00       26.19
7872.00       26.19
7936.00       26.19
7936.00       26.19
7872.00       26.19
7808.00       26.19
7872.00       26.25
8064.00       26.25
7936.00       26.25
7936.00       26.25
7872.00       26.25
7936.00       26.25
7936.00       26.25
7936.00       26.25
7872.00       26.25
7936.00       26.25
7936.00       26.25
7872.00       26.25
7936.00       26.25
7744.00       26.25
8064.00       26.25
7936.00       26.25
7936.00       26.25
7872.00       26.25
7936.00       26.25
7936.00       26.25
7872.00       26.25
7936.00       26.25
7936.00       26.25
7936.00       26.25
7872.00       26.31
7936.00       26.31
7936.00       26.31
7872.00       26.31
7936.00       26.31
7936.00       26.31
7808.00       26.31
8000.00       26.31
7936.00       26.31
7872.00       26.31
7936.00       26.37
7936.00       26.37
7936.00       26.37
7936.00       26.37
7872.00       26.44
7936.00       26.44
7936.00       26.44
7936.00       26.44
7936.00       26.50
7744.00       26.50
8064.00       26.50
7872.00       26.50
7872.00       26.50
8064.00       26.50
7872.00       26.56
7936.00       26.56
7936.00       26.56
7936.00       26.56
7936.00       26.56
7872.00       26.56
7936.00       26.50
7936.00       26.50
7872.00       26.50
8000.00       26.44
7936.00       26.44
7936.00       26.44
7936.00       26.44
7872.00       26.44
7872.00       26.44
8000.00       26.44
7936.00       26.44
7936.00       26.44
7936.00       26.44
7936.00       26.44
7936.00       26.44
7936.00       26.44
7936.00       26.44
7936.00       26.44
7872.00       26.44
7936.00       26.44
7936.00       26.44
7936.00       26.44
7936.00       26.37
7808.00       26.37
7872.00       26.44
8128.00       26.44
7872.00       26.44
7936.00       26.44
8000.00       26.44
7936.00       26.44
7936.00       26.44
7936.00       26.44
7936.00       26.44
7936.00       26.37
7936.00       26.37
7936.00       26.37
7936.00       26.37
7936.00       26.37
7936.00       26.37
7936.00       26.37
7936.00       26.37
7744.00       26.37
8064.00       26.37
7936.00       26.37
7872.00       26.44
7936.00       26.44
8000.00       26.44
7936.00       26.44
7936.00       26.44
7936.00       26.44
7936.00       26.44
7936.00       26.44
7936.00       26.44
7936.00       26.44
7936.00       26.44
7936.00       26.44
7936.00       26.44
7936.00       26.44
7936.00       26.44
7936.00       26.44
7936.00       26.44
7936.00       26.44
7872.00       26.44
7936.00       26.44
8000.00       26.44
7936.00       26.44
7936.00       26.44
8000.00       26.44
7936.00       26.44
7936.00       26.44
7936.00       26.44
7936.00       26.44
7936.00       26.44
7936.00       26.50
7936.00       26.50
7936.00       26.50
7936.00       26.50
7936.00       26.50
7936.00       26.50
7936.00       26.50
7936.00       26.50
7936.00       26.50
7872.00       26.56
7872.00       26.50
7872.00       26.50
8128.00       26.50
7936.00       26.50
7936.00       26.50
7936.00       26.50
7936.00       26.50
7936.00       26.50
7936.00       26.50
7936.00       26.44
8000.00       26.44
7936.00       26.44
7936.00       26.44
7936.00       26.44
7936.00       26.44
7936.00       26.44
7936.00       26.44
7936.00       26.44
7808.00       26.44
8064.00       26.44
7936.00       26.44
7872.00       26.44
8000.00       26.44
7936.00       26.44
7872.00       26.37
8000.00       26.37
8000.00       26.37
7936.00       26.37
7936.00       26.37
7936.00       26.37
7936.00       26.37
7936.00       26.37
7936.00       26.37
7936.00       26.31
7936.00       26.37
7936.00       26.31
7936.00       26.31
7936.00       26.31
7936.00       26.31
8000.00       26.31
7936.00       26.31
7808.00       26.37
7872.00       26.31
8128.00       26.31
7936.00       26.31
7936.00       26.37
7936.00       26.37
8000.00       26.37
7936.00       26.37
7936.00       26.37
7936.00       26.31
7936.00       26.37
7936.00       26.37
7936.00       26.37
7936.00       26.37
7936.00       26.37
7936.00       26.37
7936.00       26.37
7936.00       26.37
8000.00       26.31
7936.00       26.37
7744.00       26.31
8128.00       26.31
7872.00       26.31
7936.00       26.31
7808.00       26.31
8128.00       26.31
7936.00       26.31
7936.00       26.31
7936.00       26.31
7936.00       26.25
8000.00       26.25
7936.00       26.25
7936.00       26.25
7936.00       26.25
7936.00       26.25
7936.00       26.19
7936.00       26.19
7936.00       26.25
7936.00       26.19
7936.00       26.25
7936.00       26.25
7808.00       26.19
8064.00       26.19
7936.00       26.19
7872.00       26.19
8064.00       26.19
7872.00       26.19
7872.00       26.19
8064.00       26.19
7936.00       26.19
7936.00       26.12
7936.00       26.19
7936.00       26.12
7936.00       26.12
7936.00       26.12
7936.00       26.12
7936.00       26.12
7936.00       26.12
7936.00       26.12
7936.00       26.12
8000.00       26.12
7936.00       26.12
7936.00       26.12
7936.00       26.12
7808.00       26.12
7872.00       26.19
8128.00       26.19
7936.00       26.12
7936.00       26.19
7936.00       26.19
7936.00       26.19
7936.00       26.19
7936.00       26.19
7936.00       26.19
8000.00       26.19
7936.00       26.19
7936.00       26.19
7936.00       26.19
7936.00       26.19
7936.00       26.19
7936.00       26.19
7936.00       26.19
7744.00       26.19
8128.00       26.19
7808.00       26.19
7872.00       26.19
8128.00       26.25
7872.00       26.25
7936.00       26.25
8000.00       26.25
7936.00       26.25
7936.00       26.25
7936.00       26.25
7936.00       26.25
7936.00       26.25
7936.00       26.31
7936.00       26.25
7936.00       26.31
7936.00       26.31
7936.00       26.31
7936.00       26.31
8000.00       26.31
7744.00       26.31
8128.00       26.31
7936.00       26.31
7872.00       26.31
7872.00       26.31
8064.00       26.31
7936.00       26.31
7936.00       26.31
7936.00       26.31
7936.00       26.31
7936.00       26.31
7936.00       26.37
7936.00       26.37
7936.00       26.37
7936.00       26.37
7936.00       26.37
7936.00       26.37
7936.00       26.37
7936.00       26.37
7936.00       26.37
7936.00       26.37
7936.00       26.37
8000.00       26.37
7808.00       26.37
7872.00       26.37
8128.00       26.44
7936.00       26.44
7936.00       26.44
7936.00       26.44
7936.00       26.44
7936.00       26.44
7936.00       26.44
7936.00       26.44
7936.00       26.44
7936.00       26.44
7936.00       26.44
7936.00       26.50
7936.00       26.50
7936.00       26.50
7936.00       26.50
8000.00       26.50
7936.00       26.50
7744.00       26.50
8128.00       26.50
7936.00       26.50
7808.00       26.44
8064.00       26.44
7872.00       26.44
8000.00       26.44
7936.00       26.44
7936.00       26.44
7936.00       26.44
7936.00       26.37
7936.00       26.37
7936.00       26.37
7936.00       26.37
7936.00       26.37
7936.00       26.37
7936.00       26.37
7936.00       26.37
7936.00       26.31
7936.00       26.31
7744.00       26.31
8128.00       26.31
7936.00       26.31
7936.00       26.25
7872.00       26.25
8064.00       26.25
7936.00       26.25
7936.00       26.25
7936.00       26.25
7936.00       26.25
7936.00       26.25
7936.00       26.19
7936.00       26.19
7936.00       26.19
7936.00       26.19
7936.00       26.19
7936.00       26.19
7936.00       26.19
7936.00       26.19
7936.00       26.19
7936.00       26.19
7808.00       26.19
8128.00       26.19
7872.00       26.12
7808.00       26.12
8128.00       26.12
7936.00       26.12
7872.00       26.12
8000.00       26.12
7936.00       26.12
7936.00       26.12
7936.00       26.12
7936.00       26.06
7936.00       26.06
7936.00       26.12
7936.00       26.06
7936.00       26.12
7936.00       26.12
7936.00       26.12
7936.00       26.12
7936.00       26.12
7872.00       26.12
7808.00       26.19
8128.00       26.19
7936.00       26.19
7872.00       26.19
8000.00       26.19
7872.00       26.19
7936.00       26.19
7936.00       26.19
7936.00       26.19
7936.00       26.19
7936.00       26.19
7936.00       26.19
7936.00       26.19
7936.00       26.25
7936.00       26.19
7936.00       26.25
7936.00       26.25
7936.00       26.25
7808.00       26.25
8064.00       26.25
7872.00       26.25
7936.00       26.25
8000.00       26.25
7936.00       26.25
7936.00       26.25
7936.00       26.25
7936.00       26.19
7936.00       26.19
7936.00       26.19
7936.00       26.19
7936.00       26.19
7936.00       26.19
7936.00       26.19
7936.00       26.19
7872.00       26.19
7936.00       26.19
7808.00       26.19
8064.00       26.19
7936.00       26.19
7936.00       26.19
7936.00       26.19
7936.00       26.12
7936.00       26.12
7936.00       26.12
7936.00       26.12
7936.00       26.12
7936.00       26.06
7936.00       26.06
7936.00       26.06
7872.00       26.06
7936.00       26.06
7936.00       26.06
7936.00       26.06
7936.00       26.06
7872.00       26.06
7872.00       26.06
8064.00       26.06
7872.00       26.06
7872.00       26.06
8064.00       26.06
7936.00       26.00
7936.00       26.00
7936.00       26.00
7936.00       26.00
7936.00       26.00
7872.00       26.00
7936.00       26.00
7936.00       26.00
7936.00       26.00
7936.00       26.00
7936.00       26.00
7936.00       26.00
7808.00       26.00
7872.00       26.00
8128.00       26.00
7936.00       26.00
7872.00       26.00
8000.00       26.00
7936.00       26.00
7936.00       26.00
7936.00       26.00
7872.00       26.00
7936.00       26.06
7936.00       26.06
7936.00       26.06
7936.00       26.06
7936.00       26.06
7936.00       26.06
7936.00       26.06
7936.00       26.06
7936.00       26.06
7872.00       26.06
7872.00       26.06
8000.00       26.06
7936.00       26.06
7936.00       26.06
7936.00       26.06
7936.00       26.06
7936.00       26.06
7936.00       26.06
7936.00       26.06
7936.00       26.06
7872.00       26.06
7936.00       26.06
7936.00       26.06
7936.00       26.06
7936.00       26.06
7808.00       26.06
8064.00       26.06
7872.00       26.06
7872.00       26.06
8000.00       26.06
7936.00       26.12
7936.00       26.06
7936.00       26.12
7936.00       26.12
7936.00       26.12
7936.00       26.12
7936.00       26.12
7936.00       26.12
7872.00       26.12
7936.00       26.19
7936.00       26.12
7936.00       26.19
7936.00       26.19
7808.00       26.19
7872.00       26.19
8064.00       26.19
7936.00       26.19
7936.00       26.19
7936.00       26.19
7936.00       26.19
7936.00       26.19
7936.00       26.19
7872.00       26.19
7936.00       26.19
7936.00       26.19
7936.00       26.12
7936.00       26.12
7936.00       26.12
7936.00       26.12
7808.00       26.06
7872.00       26.06
8064.00       26.06
7936.00       26.06
7936.00       26.06
7936.00       26.00
7872.00       26.00
7936.00       26.00
7936.00       26.00
7936.00       26.00
7936.00       26.00
7872.00       26.00
7936.00       26.00
7936.00       26.00
7936.00       25.94
7936.00       25.94
7808.00       25.94
7936.00       25.94
8000.00       25.94
7872.00       25.94
7936.00       25.94
7936.00       25.94
7936.00       25.94
7936.00       25.94
7872.00       25.94
7936.00       25.94
7936.00       25.94
7936.00       25.94
7872.00       25.94
7936.00       25.94
7936.00       26.00
7936.00       26.00
7808.00       26.00
7936.00       26.00
8000.00       26.00
7936.00       26.00
7872.00       26.00
7936.00       26.06
7936.00       26.06
7872.00       26.06
7936.00       26.06
7936.00       26.12
7872.00       26.12
7936.00       26.12
7936.00       26.12
7872.00       26.12
7872.00       26.12
7872.00       26.12
8064.00       26.12
7872.00       26.12
7936.00       26.19
7936.00       26.12
7872.00       26.12
7936.00       26.12
7936.00       26.19
7872.00       26.19
7936.00       26.19
7936.00       26.19
7872.00       26.19
7808.00       26.19
7872.00       26.19
7936.00       26.19
8064.00       26.19
7936.00       26.19
7872.00       26.19
7936.00       26.25
7936.00       26.25
7872.00       26.25
7936.00       26.25
7936.00       26.25
7872.00       26.25
7936.00       26.25
7936.00       26.25
7744.00       26.25
8064.00       26.25
7936.00       26.25
7936.00       26.19
7872.00       26.19
7936.00       26.19
7936.00       26.19
7872.00       26.19
7936.00       26.19
7936.00       26.19
7936.00       26.19
7872.00       26.19
7936.00       26.19
7936.00       26.19
7680.00       26.19
8128.00       26.19
7936.00       26.19
7872.00       26.19
7936.00       26.19
7936.00       26.19
7936.00       26.19
7872.00       26.19
7936.00       26.19
7936.00       26.19
7872.00       26.19
7936.00       26.19
7936.00       26.12
7872.00       26.12
7936.00       26.12
